MainShaft_1 (-20, 0, 0)
MainShaft_2 (-15, 0, 0)
fu2p (-11,8,0)
solarpanels_1(-11,15,0)
fu2_8(-11,-2,0)
fu2_7(-11,-7.6,0)
fu2_1(-11,-11,0)
fu2_4(-9,-7,2)
fu2_3(-6,-7.5,5)
fu2_5(-13,-7.6,-2)
fu2_2(-12,-7.5,1)
fu2_6(-9.5,-7.5,-1.5)
MainShaft3(-6, 0, 0)
MainShaft4(3,0,0)
fu1_4(-2,-2,0)
fu1_3(-2.03,-4.99,0.04)
fu1_2(-1.98,.-9.21,0.03)
fu1_1(-1.95,4.66,0.04)
Jia(6,4,0)
EX1_1(-1.66,4.2,9.9)
solar1(-7,4,30)
solar2(20,4,28)
EX1_2(-1.61,4.44,-9.64)
solar3(-8,3.5,-28)
solar4(20,5,-28)
MainShaft5(15.71,0.54,0)
MainShaft6(13.21,1.03,5.6)
MainShaft7(13.3,0.98,-3.8)
MainShaft8(13.2,5.4,0)
Plane1(3,-4,0)
Plane2(3,-9,0)
Plane3(3,-13,0)